{"nbformat":4,"nbformat_minor":0,"metadata":{"colab":{"name":"Assignment4.ipynb","provenance":[],"authorship_tag":"ABX9TyMx2aUWipHE7aObjK2nxeki"},"kernelspec":{"name":"python3","display_name":"Python 3"},"language_info":{"name":"python"}},"cells":[{"cell_type":"code","execution_count":null,"metadata":{"colab":{"base_uri":"https://localhost:8080/"},"id":"_O6HZYRiKvJ2","executionInfo":{"status":"ok","timestamp":1652156044079,"user_tz":-330,"elapsed":54044,"user":{"displayName":"Apurva Mane","userId":"00521134533740245007"}},"outputId":"258b0ddb-fc29-4596-c994-175a50a013f8"},"outputs":[{"output_type":"stream","name":"stdout","text":["Mounted at /content/drive\n"]}],"source":["from google.colab import drive\n","drive.mount('/content/drive')"]},{"cell_type":"code","source":["import os\n","os.chdir('drive/My Drive/Colab Notebooks/dataset')"],"metadata":{"id":"Ck-xqnucLKqe"},"execution_count":null,"outputs":[]},{"cell_type":"code","source":["import pandas as pd\n","phi=pd.read_csv('train (1).csv')\n","phi.head()"],"metadata":{"colab":{"base_uri":"https://localhost:8080/","height":206},"id":"7nXKc1ZGLXLs","executionInfo":{"status":"ok","timestamp":1652156180388,"user_tz":-330,"elapsed":1159,"user":{"displayName":"Apurva Mane","userId":"00521134533740245007"}},"outputId":"8046339c-c4ea-4543-e34c-8ef9ca5ee668"},"execution_count":null,"outputs":[{"output_type":"execute_result","data":{"text/plain":["   ID     CRIM    ZN  INDUS  CHAS    NOX     RM    AGE     DIS  RAD    TAX  \\\n","0   0  0.95577   0.0   8.14     0  0.538  6.047   88.8  4.4534    4  307.0   \n","1   1  0.02875  28.0  15.04     0  0.464  6.211   28.9  3.6659    4  270.0   \n","2   2  1.22358   0.0  19.58     0  0.605  6.943   97.4  1.8773    5  403.0   \n","3   3  5.66637   0.0  18.10     0  0.740  6.219  100.0  2.0048   24  666.0   \n","4   4  0.04544   0.0   3.24     0  0.460  6.144   32.2  5.8736    4  430.0   \n","\n","   PTRATIO       B  LSTAT  MEDV  \n","0     21.0  306.38  17.28  14.8  \n","1     18.2  396.33   6.21  25.0  \n","2     14.7  363.43   4.59  41.3  \n","3     20.2  395.69  16.59  18.4  \n","4     16.9  368.57   9.09  19.8  "],"text/html":["\n","  <div id=\"df-88b6e646-89bd-4fe6-bb42-303f2c5f6d44\">\n","    <div class=\"colab-df-container\">\n","      <div>\n","<style scoped>\n","    .dataframe tbody tr th:only-of-type {\n","        vertical-align: middle;\n","    }\n","\n","    .dataframe tbody tr th {\n","        vertical-align: top;\n","    }\n","\n","    .dataframe thead th {\n","        text-align: right;\n","    }\n","</style>\n","<table border=\"1\" class=\"dataframe\">\n","  <thead>\n","    <tr style=\"text-align: right;\">\n","      <th></th>\n","      <th>ID</th>\n","      <th>CRIM</th>\n","      <th>ZN</th>\n","      <th>INDUS</th>\n","      <th>CHAS</th>\n","      <th>NOX</th>\n","      <th>RM</th>\n","      <th>AGE</th>\n","      <th>DIS</th>\n","      <th>RAD</th>\n","      <th>TAX</th>\n","      <th>PTRATIO</th>\n","      <th>B</th>\n","      <th>LSTAT</th>\n","      <th>MEDV</th>\n","    </tr>\n","  </thead>\n","  <tbody>\n","    <tr>\n","      <th>0</th>\n","      <td>0</td>\n","      <td>0.95577</td>\n","      <td>0.0</td>\n","      <td>8.14</td>\n","      <td>0</td>\n","      <td>0.538</td>\n","      <td>6.047</td>\n","      <td>88.8</td>\n","      <td>4.4534</td>\n","      <td>4</td>\n","      <td>307.0</td>\n","      <td>21.0</td>\n","      <td>306.38</td>\n","      <td>17.28</td>\n","      <td>14.8</td>\n","    </tr>\n","    <tr>\n","      <th>1</th>\n","      <td>1</td>\n","      <td>0.02875</td>\n","      <td>28.0</td>\n","      <td>15.04</td>\n","      <td>0</td>\n","      <td>0.464</td>\n","      <td>6.211</td>\n","      <td>28.9</td>\n","      <td>3.6659</td>\n","      <td>4</td>\n","      <td>270.0</td>\n","      <td>18.2</td>\n","      <td>396.33</td>\n","      <td>6.21</td>\n","      <td>25.0</td>\n","    </tr>\n","    <tr>\n","      <th>2</th>\n","      <td>2</td>\n","      <td>1.22358</td>\n","      <td>0.0</td>\n","      <td>19.58</td>\n","      <td>0</td>\n","      <td>0.605</td>\n","      <td>6.943</td>\n","      <td>97.4</td>\n","      <td>1.8773</td>\n","      <td>5</td>\n","      <td>403.0</td>\n","      <td>14.7</td>\n","      <td>363.43</td>\n","      <td>4.59</td>\n","      <td>41.3</td>\n","    </tr>\n","    <tr>\n","      <th>3</th>\n","      <td>3</td>\n","      <td>5.66637</td>\n","      <td>0.0</td>\n","      <td>18.10</td>\n","      <td>0</td>\n","      <td>0.740</td>\n","      <td>6.219</td>\n","      <td>100.0</td>\n","      <td>2.0048</td>\n","      <td>24</td>\n","      <td>666.0</td>\n","      <td>20.2</td>\n","      <td>395.69</td>\n","      <td>16.59</td>\n","      <td>18.4</td>\n","    </tr>\n","    <tr>\n","      <th>4</th>\n","      <td>4</td>\n","      <td>0.04544</td>\n","      <td>0.0</td>\n","      <td>3.24</td>\n","      <td>0</td>\n","      <td>0.460</td>\n","      <td>6.144</td>\n","      <td>32.2</td>\n","      <td>5.8736</td>\n","      <td>4</td>\n","      <td>430.0</td>\n","      <td>16.9</td>\n","      <td>368.57</td>\n","      <td>9.09</td>\n","      <td>19.8</td>\n","    </tr>\n","  </tbody>\n","</table>\n","</div>\n","      <button class=\"colab-df-convert\" onclick=\"convertToInteractive('df-88b6e646-89bd-4fe6-bb42-303f2c5f6d44')\"\n","              title=\"Convert this dataframe to an interactive table.\"\n","              style=\"display:none;\">\n","        \n","  <svg xmlns=\"http://www.w3.org/2000/svg\" height=\"24px\"viewBox=\"0 0 24 24\"\n","       width=\"24px\">\n","    <path d=\"M0 0h24v24H0V0z\" fill=\"none\"/>\n","    <path d=\"M18.56 5.44l.94 2.06.94-2.06 2.06-.94-2.06-.94-.94-2.06-.94 2.06-2.06.94zm-11 1L8.5 8.5l.94-2.06 2.06-.94-2.06-.94L8.5 2.5l-.94 2.06-2.06.94zm10 10l.94 2.06.94-2.06 2.06-.94-2.06-.94-.94-2.06-.94 2.06-2.06.94z\"/><path d=\"M17.41 7.96l-1.37-1.37c-.4-.4-.92-.59-1.43-.59-.52 0-1.04.2-1.43.59L10.3 9.45l-7.72 7.72c-.78.78-.78 2.05 0 2.83L4 21.41c.39.39.9.59 1.41.59.51 0 1.02-.2 1.41-.59l7.78-7.78 2.81-2.81c.8-.78.8-2.07 0-2.86zM5.41 20L4 18.59l7.72-7.72 1.47 1.35L5.41 20z\"/>\n","  </svg>\n","      </button>\n","      \n","  <style>\n","    .colab-df-container {\n","      display:flex;\n","      flex-wrap:wrap;\n","      gap: 12px;\n","    }\n","\n","    .colab-df-convert {\n","      background-color: #E8F0FE;\n","      border: none;\n","      border-radius: 50%;\n","      cursor: pointer;\n","      display: none;\n","      fill: #1967D2;\n","      height: 32px;\n","      padding: 0 0 0 0;\n","      width: 32px;\n","    }\n","\n","    .colab-df-convert:hover {\n","      background-color: #E2EBFA;\n","      box-shadow: 0px 1px 2px rgba(60, 64, 67, 0.3), 0px 1px 3px 1px rgba(60, 64, 67, 0.15);\n","      fill: #174EA6;\n","    }\n","\n","    [theme=dark] .colab-df-convert {\n","      background-color: #3B4455;\n","      fill: #D2E3FC;\n","    }\n","\n","    [theme=dark] .colab-df-convert:hover {\n","      background-color: #434B5C;\n","      box-shadow: 0px 1px 3px 1px rgba(0, 0, 0, 0.15);\n","      filter: drop-shadow(0px 1px 2px rgba(0, 0, 0, 0.3));\n","      fill: #FFFFFF;\n","    }\n","  </style>\n","\n","      <script>\n","        const buttonEl =\n","          document.querySelector('#df-88b6e646-89bd-4fe6-bb42-303f2c5f6d44 button.colab-df-convert');\n","        buttonEl.style.display =\n","          google.colab.kernel.accessAllowed ? 'block' : 'none';\n","\n","        async function convertToInteractive(key) {\n","          const element = document.querySelector('#df-88b6e646-89bd-4fe6-bb42-303f2c5f6d44');\n","          const dataTable =\n","            await google.colab.kernel.invokeFunction('convertToInteractive',\n","                                                     [key], {});\n","          if (!dataTable) return;\n","\n","          const docLinkHtml = 'Like what you see? Visit the ' +\n","            '<a target=\"_blank\" href=https://colab.research.google.com/notebooks/data_table.ipynb>data table notebook</a>'\n","            + ' to learn more about interactive tables.';\n","          element.innerHTML = '';\n","          dataTable['output_type'] = 'display_data';\n","          await google.colab.output.renderOutput(dataTable, element);\n","          const docLink = document.createElement('div');\n","          docLink.innerHTML = docLinkHtml;\n","          element.appendChild(docLink);\n","        }\n","      </script>\n","    </div>\n","  </div>\n","  "]},"metadata":{},"execution_count":3}]},{"cell_type":"code","source":["phi.shape"],"metadata":{"colab":{"base_uri":"https://localhost:8080/"},"id":"zEJCGJ4-Lw1D","executionInfo":{"status":"ok","timestamp":1652156222899,"user_tz":-330,"elapsed":417,"user":{"displayName":"Apurva Mane","userId":"00521134533740245007"}},"outputId":"11e2a8f9-47d4-4a36-f0ba-34105bb2a667"},"execution_count":null,"outputs":[{"output_type":"execute_result","data":{"text/plain":["(400, 15)"]},"metadata":{},"execution_count":4}]},{"cell_type":"code","source":["phi.describe()"],"metadata":{"colab":{"base_uri":"https://localhost:8080/","height":344},"id":"lcQ7qZD8L2Mn","executionInfo":{"status":"ok","timestamp":1652156242293,"user_tz":-330,"elapsed":24,"user":{"displayName":"Apurva Mane","userId":"00521134533740245007"}},"outputId":"4545b639-771d-47da-b8b1-5f45a9acd4ec"},"execution_count":null,"outputs":[{"output_type":"execute_result","data":{"text/plain":["               ID        CRIM          ZN       INDUS        CHAS         NOX  \\\n","count  400.000000  400.000000  400.000000  400.000000  400.000000  400.000000   \n","mean   199.500000    3.757191   10.970000   10.936425    0.072500    0.552817   \n","std    115.614301    9.155496   22.796261    6.848042    0.259639    0.115488   \n","min      0.000000    0.009060    0.000000    0.460000    0.000000    0.385000   \n","25%     99.750000    0.077820    0.000000    5.130000    0.000000    0.449000   \n","50%    199.500000    0.242170    0.000000    8.560000    0.000000    0.532000   \n","75%    299.250000    3.543427   12.500000   18.100000    0.000000    0.624000   \n","max    399.000000   88.976200   95.000000   27.740000    1.000000    0.871000   \n","\n","               RM         AGE         DIS         RAD         TAX     PTRATIO  \\\n","count  400.000000  400.000000  400.000000  400.000000  400.000000  400.000000   \n","mean     6.292165   68.086000    3.819462    9.462500  403.797500   18.459000   \n","std      0.709923   28.386888    2.132445    8.687478  169.656816    2.148105   \n","min      4.138000    2.900000    1.129600    1.000000  187.000000   12.600000   \n","25%      5.877500   42.375000    2.109150    4.000000  277.000000   17.400000   \n","50%      6.208500   76.950000    3.272100    5.000000  329.000000   18.950000   \n","75%      6.620500   93.825000    5.214600   24.000000  666.000000   20.200000   \n","max      8.780000  100.000000   12.126500   24.000000  711.000000   22.000000   \n","\n","                B       LSTAT        MEDV  \n","count  400.000000  400.000000  400.000000  \n","mean   359.455375   12.668525   22.475750  \n","std     86.732906    7.207047    9.218611  \n","min      0.320000    1.920000    5.000000  \n","25%    376.115000    6.990000   17.100000  \n","50%    391.575000   10.875000   21.000000  \n","75%    396.285000   16.910000   25.000000  \n","max    396.900000   37.970000   50.000000  "],"text/html":["\n","  <div id=\"df-f95cdcfd-058d-4169-a391-93534aea9b80\">\n","    <div class=\"colab-df-container\">\n","      <div>\n","<style scoped>\n","    .dataframe tbody tr th:only-of-type {\n","        vertical-align: middle;\n","    }\n","\n","    .dataframe tbody tr th {\n","        vertical-align: top;\n","    }\n","\n","    .dataframe thead th {\n","        text-align: right;\n","    }\n","</style>\n","<table border=\"1\" class=\"dataframe\">\n","  <thead>\n","    <tr style=\"text-align: right;\">\n","      <th></th>\n","      <th>ID</th>\n","      <th>CRIM</th>\n","      <th>ZN</th>\n","      <th>INDUS</th>\n","      <th>CHAS</th>\n","      <th>NOX</th>\n","      <th>RM</th>\n","      <th>AGE</th>\n","      <th>DIS</th>\n","      <th>RAD</th>\n","      <th>TAX</th>\n","      <th>PTRATIO</th>\n","      <th>B</th>\n","      <th>LSTAT</th>\n","      <th>MEDV</th>\n","    </tr>\n","  </thead>\n","  <tbody>\n","    <tr>\n","      <th>count</th>\n","      <td>400.000000</td>\n","      <td>400.000000</td>\n","      <td>400.000000</td>\n","      <td>400.000000</td>\n","      <td>400.000000</td>\n","      <td>400.000000</td>\n","      <td>400.000000</td>\n","      <td>400.000000</td>\n","      <td>400.000000</td>\n","      <td>400.000000</td>\n","      <td>400.000000</td>\n","      <td>400.000000</td>\n","      <td>400.000000</td>\n","      <td>400.000000</td>\n","      <td>400.000000</td>\n","    </tr>\n","    <tr>\n","      <th>mean</th>\n","      <td>199.500000</td>\n","      <td>3.757191</td>\n","      <td>10.970000</td>\n","      <td>10.936425</td>\n","      <td>0.072500</td>\n","      <td>0.552817</td>\n","      <td>6.292165</td>\n","      <td>68.086000</td>\n","      <td>3.819462</td>\n","      <td>9.462500</td>\n","      <td>403.797500</td>\n","      <td>18.459000</td>\n","      <td>359.455375</td>\n","      <td>12.668525</td>\n","      <td>22.475750</td>\n","    </tr>\n","    <tr>\n","      <th>std</th>\n","      <td>115.614301</td>\n","      <td>9.155496</td>\n","      <td>22.796261</td>\n","      <td>6.848042</td>\n","      <td>0.259639</td>\n","      <td>0.115488</td>\n","      <td>0.709923</td>\n","      <td>28.386888</td>\n","      <td>2.132445</td>\n","      <td>8.687478</td>\n","      <td>169.656816</td>\n","      <td>2.148105</td>\n","      <td>86.732906</td>\n","      <td>7.207047</td>\n","      <td>9.218611</td>\n","    </tr>\n","    <tr>\n","      <th>min</th>\n","      <td>0.000000</td>\n","      <td>0.009060</td>\n","      <td>0.000000</td>\n","      <td>0.460000</td>\n","      <td>0.000000</td>\n","      <td>0.385000</td>\n","      <td>4.138000</td>\n","      <td>2.900000</td>\n","      <td>1.129600</td>\n","      <td>1.000000</td>\n","      <td>187.000000</td>\n","      <td>12.600000</td>\n","      <td>0.320000</td>\n","      <td>1.920000</td>\n","      <td>5.000000</td>\n","    </tr>\n","    <tr>\n","      <th>25%</th>\n","      <td>99.750000</td>\n","      <td>0.077820</td>\n","      <td>0.000000</td>\n","      <td>5.130000</td>\n","      <td>0.000000</td>\n","      <td>0.449000</td>\n","      <td>5.877500</td>\n","      <td>42.375000</td>\n","      <td>2.109150</td>\n","      <td>4.000000</td>\n","      <td>277.000000</td>\n","      <td>17.400000</td>\n","      <td>376.115000</td>\n","      <td>6.990000</td>\n","      <td>17.100000</td>\n","    </tr>\n","    <tr>\n","      <th>50%</th>\n","      <td>199.500000</td>\n","      <td>0.242170</td>\n","      <td>0.000000</td>\n","      <td>8.560000</td>\n","      <td>0.000000</td>\n","      <td>0.532000</td>\n","      <td>6.208500</td>\n","      <td>76.950000</td>\n","      <td>3.272100</td>\n","      <td>5.000000</td>\n","      <td>329.000000</td>\n","      <td>18.950000</td>\n","      <td>391.575000</td>\n","      <td>10.875000</td>\n","      <td>21.000000</td>\n","    </tr>\n","    <tr>\n","      <th>75%</th>\n","      <td>299.250000</td>\n","      <td>3.543427</td>\n","      <td>12.500000</td>\n","      <td>18.100000</td>\n","      <td>0.000000</td>\n","      <td>0.624000</td>\n","      <td>6.620500</td>\n","      <td>93.825000</td>\n","      <td>5.214600</td>\n","      <td>24.000000</td>\n","      <td>666.000000</td>\n","      <td>20.200000</td>\n","      <td>396.285000</td>\n","      <td>16.910000</td>\n","      <td>25.000000</td>\n","    </tr>\n","    <tr>\n","      <th>max</th>\n","      <td>399.000000</td>\n","      <td>88.976200</td>\n","      <td>95.000000</td>\n","      <td>27.740000</td>\n","      <td>1.000000</td>\n","      <td>0.871000</td>\n","      <td>8.780000</td>\n","      <td>100.000000</td>\n","      <td>12.126500</td>\n","      <td>24.000000</td>\n","      <td>711.000000</td>\n","      <td>22.000000</td>\n","      <td>396.900000</td>\n","      <td>37.970000</td>\n","      <td>50.000000</td>\n","    </tr>\n","  </tbody>\n","</table>\n","</div>\n","      <button class=\"colab-df-convert\" onclick=\"convertToInteractive('df-f95cdcfd-058d-4169-a391-93534aea9b80')\"\n","              title=\"Convert this dataframe to an interactive table.\"\n","              style=\"display:none;\">\n","        \n","  <svg xmlns=\"http://www.w3.org/2000/svg\" height=\"24px\"viewBox=\"0 0 24 24\"\n","       width=\"24px\">\n","    <path d=\"M0 0h24v24H0V0z\" fill=\"none\"/>\n","    <path d=\"M18.56 5.44l.94 2.06.94-2.06 2.06-.94-2.06-.94-.94-2.06-.94 2.06-2.06.94zm-11 1L8.5 8.5l.94-2.06 2.06-.94-2.06-.94L8.5 2.5l-.94 2.06-2.06.94zm10 10l.94 2.06.94-2.06 2.06-.94-2.06-.94-.94-2.06-.94 2.06-2.06.94z\"/><path d=\"M17.41 7.96l-1.37-1.37c-.4-.4-.92-.59-1.43-.59-.52 0-1.04.2-1.43.59L10.3 9.45l-7.72 7.72c-.78.78-.78 2.05 0 2.83L4 21.41c.39.39.9.59 1.41.59.51 0 1.02-.2 1.41-.59l7.78-7.78 2.81-2.81c.8-.78.8-2.07 0-2.86zM5.41 20L4 18.59l7.72-7.72 1.47 1.35L5.41 20z\"/>\n","  </svg>\n","      </button>\n","      \n","  <style>\n","    .colab-df-container {\n","      display:flex;\n","      flex-wrap:wrap;\n","      gap: 12px;\n","    }\n","\n","    .colab-df-convert {\n","      background-color: #E8F0FE;\n","      border: none;\n","      border-radius: 50%;\n","      cursor: pointer;\n","      display: none;\n","      fill: #1967D2;\n","      height: 32px;\n","      padding: 0 0 0 0;\n","      width: 32px;\n","    }\n","\n","    .colab-df-convert:hover {\n","      background-color: #E2EBFA;\n","      box-shadow: 0px 1px 2px rgba(60, 64, 67, 0.3), 0px 1px 3px 1px rgba(60, 64, 67, 0.15);\n","      fill: #174EA6;\n","    }\n","\n","    [theme=dark] .colab-df-convert {\n","      background-color: #3B4455;\n","      fill: #D2E3FC;\n","    }\n","\n","    [theme=dark] .colab-df-convert:hover {\n","      background-color: #434B5C;\n","      box-shadow: 0px 1px 3px 1px rgba(0, 0, 0, 0.15);\n","      filter: drop-shadow(0px 1px 2px rgba(0, 0, 0, 0.3));\n","      fill: #FFFFFF;\n","    }\n","  </style>\n","\n","      <script>\n","        const buttonEl =\n","          document.querySelector('#df-f95cdcfd-058d-4169-a391-93534aea9b80 button.colab-df-convert');\n","        buttonEl.style.display =\n","          google.colab.kernel.accessAllowed ? 'block' : 'none';\n","\n","        async function convertToInteractive(key) {\n","          const element = document.querySelector('#df-f95cdcfd-058d-4169-a391-93534aea9b80');\n","          const dataTable =\n","            await google.colab.kernel.invokeFunction('convertToInteractive',\n","                                                     [key], {});\n","          if (!dataTable) return;\n","\n","          const docLinkHtml = 'Like what you see? Visit the ' +\n","            '<a target=\"_blank\" href=https://colab.research.google.com/notebooks/data_table.ipynb>data table notebook</a>'\n","            + ' to learn more about interactive tables.';\n","          element.innerHTML = '';\n","          dataTable['output_type'] = 'display_data';\n","          await google.colab.output.renderOutput(dataTable, element);\n","          const docLink = document.createElement('div');\n","          docLink.innerHTML = docLinkHtml;\n","          element.appendChild(docLink);\n","        }\n","      </script>\n","    </div>\n","  </div>\n","  "]},"metadata":{},"execution_count":5}]},{"cell_type":"code","source":["phi.corr()"],"metadata":{"colab":{"base_uri":"https://localhost:8080/","height":520},"id":"W2iikx_dMIsa","executionInfo":{"status":"ok","timestamp":1652156319188,"user_tz":-330,"elapsed":27,"user":{"displayName":"Apurva Mane","userId":"00521134533740245007"}},"outputId":"c4d8ade0-d8fb-4df6-cf0b-efb8783a2563"},"execution_count":null,"outputs":[{"output_type":"execute_result","data":{"text/plain":["               ID      CRIM        ZN     INDUS      CHAS       NOX        RM  \\\n","ID       1.000000 -0.009895 -0.037340  0.005167 -0.034274 -0.034631  0.061728   \n","CRIM    -0.009895  1.000000 -0.193548  0.409972 -0.060591  0.422635 -0.205928   \n","ZN      -0.037340 -0.193548  1.000000 -0.522218 -0.037318 -0.497638  0.290127   \n","INDUS    0.005167  0.409972 -0.522218  1.000000  0.075305  0.759132 -0.396865   \n","CHAS    -0.034274 -0.060591 -0.037318  0.075305  1.000000  0.084020  0.091267   \n","NOX     -0.034631  0.422635 -0.497638  0.759132  0.084020  1.000000 -0.283907   \n","RM       0.061728 -0.205928  0.290127 -0.396865  0.091267 -0.283907  1.000000   \n","AGE     -0.031016  0.353379 -0.554214  0.631742  0.083314  0.736349 -0.198918   \n","DIS      0.010385 -0.376323  0.659949 -0.695199 -0.102016 -0.768775  0.171596   \n","RAD     -0.031669  0.618538 -0.301067  0.608088 -0.023792  0.602960 -0.190030   \n","TAX     -0.007460  0.577501 -0.300221  0.731619 -0.045183  0.657875 -0.277064   \n","PTRATIO  0.056734  0.284967 -0.369974  0.370383 -0.137556  0.154693 -0.336408   \n","B       -0.030764 -0.357581  0.161515 -0.338007  0.040732 -0.382202  0.120518   \n","LSTAT   -0.019382  0.442743 -0.402116  0.624374 -0.055326  0.622209 -0.634758   \n","MEDV     0.006956 -0.393693  0.336805 -0.502898  0.182096 -0.434271  0.721489   \n","\n","              AGE       DIS       RAD       TAX   PTRATIO         B     LSTAT  \\\n","ID      -0.031016  0.010385 -0.031669 -0.007460  0.056734 -0.030764 -0.019382   \n","CRIM     0.353379 -0.376323  0.618538  0.577501  0.284967 -0.357581  0.442743   \n","ZN      -0.554214  0.659949 -0.301067 -0.300221 -0.369974  0.161515 -0.402116   \n","INDUS    0.631742 -0.695199  0.608088  0.731619  0.370383 -0.338007  0.624374   \n","CHAS     0.083314 -0.102016 -0.023792 -0.045183 -0.137556  0.040732 -0.055326   \n","NOX      0.736349 -0.768775  0.602960  0.657875  0.154693 -0.382202  0.622209   \n","RM      -0.198918  0.171596 -0.190030 -0.277064 -0.336408  0.120518 -0.634758   \n","AGE      1.000000 -0.750408  0.457339  0.499478  0.234894 -0.274650  0.593788   \n","DIS     -0.750408  1.000000 -0.492090 -0.520442 -0.185938  0.274036 -0.503383   \n","RAD      0.457339 -0.492090  1.000000  0.911103  0.458930 -0.395845  0.503532   \n","TAX      0.499478 -0.520442  0.911103  1.000000  0.450978 -0.400353  0.552239   \n","PTRATIO  0.234894 -0.185938  0.458930  0.450978  1.000000 -0.155939  0.352839   \n","B       -0.274650  0.274036 -0.395845 -0.400353 -0.155939  1.000000 -0.343821   \n","LSTAT    0.593788 -0.503383  0.503532  0.552239  0.352839 -0.343821  1.000000   \n","MEDV    -0.354106  0.235087 -0.386922 -0.479308 -0.495904  0.317910 -0.725281   \n","\n","             MEDV  \n","ID       0.006956  \n","CRIM    -0.393693  \n","ZN       0.336805  \n","INDUS   -0.502898  \n","CHAS     0.182096  \n","NOX     -0.434271  \n","RM       0.721489  \n","AGE     -0.354106  \n","DIS      0.235087  \n","RAD     -0.386922  \n","TAX     -0.479308  \n","PTRATIO -0.495904  \n","B        0.317910  \n","LSTAT   -0.725281  \n","MEDV     1.000000  "],"text/html":["\n","  <div id=\"df-84ad3252-9d58-4d2b-a0ff-423343ff8452\">\n","    <div class=\"colab-df-container\">\n","      <div>\n","<style scoped>\n","    .dataframe tbody tr th:only-of-type {\n","        vertical-align: middle;\n","    }\n","\n","    .dataframe tbody tr th {\n","        vertical-align: top;\n","    }\n","\n","    .dataframe thead th {\n","        text-align: right;\n","    }\n","</style>\n","<table border=\"1\" class=\"dataframe\">\n","  <thead>\n","    <tr style=\"text-align: right;\">\n","      <th></th>\n","      <th>ID</th>\n","      <th>CRIM</th>\n","      <th>ZN</th>\n","      <th>INDUS</th>\n","      <th>CHAS</th>\n","      <th>NOX</th>\n","      <th>RM</th>\n","      <th>AGE</th>\n","      <th>DIS</th>\n","      <th>RAD</th>\n","      <th>TAX</th>\n","      <th>PTRATIO</th>\n","      <th>B</th>\n","      <th>LSTAT</th>\n","      <th>MEDV</th>\n","    </tr>\n","  </thead>\n","  <tbody>\n","    <tr>\n","      <th>ID</th>\n","      <td>1.000000</td>\n","      <td>-0.009895</td>\n","      <td>-0.037340</td>\n","      <td>0.005167</td>\n","      <td>-0.034274</td>\n","      <td>-0.034631</td>\n","      <td>0.061728</td>\n","      <td>-0.031016</td>\n","      <td>0.010385</td>\n","      <td>-0.031669</td>\n","      <td>-0.007460</td>\n","      <td>0.056734</td>\n","      <td>-0.030764</td>\n","      <td>-0.019382</td>\n","      <td>0.006956</td>\n","    </tr>\n","    <tr>\n","      <th>CRIM</th>\n","      <td>-0.009895</td>\n","      <td>1.000000</td>\n","      <td>-0.193548</td>\n","      <td>0.409972</td>\n","      <td>-0.060591</td>\n","      <td>0.422635</td>\n","      <td>-0.205928</td>\n","      <td>0.353379</td>\n","      <td>-0.376323</td>\n","      <td>0.618538</td>\n","      <td>0.577501</td>\n","      <td>0.284967</td>\n","      <td>-0.357581</td>\n","      <td>0.442743</td>\n","      <td>-0.393693</td>\n","    </tr>\n","    <tr>\n","      <th>ZN</th>\n","      <td>-0.037340</td>\n","      <td>-0.193548</td>\n","      <td>1.000000</td>\n","      <td>-0.522218</td>\n","      <td>-0.037318</td>\n","      <td>-0.497638</td>\n","      <td>0.290127</td>\n","      <td>-0.554214</td>\n","      <td>0.659949</td>\n","      <td>-0.301067</td>\n","      <td>-0.300221</td>\n","      <td>-0.369974</td>\n","      <td>0.161515</td>\n","      <td>-0.402116</td>\n","      <td>0.336805</td>\n","    </tr>\n","    <tr>\n","      <th>INDUS</th>\n","      <td>0.005167</td>\n","      <td>0.409972</td>\n","      <td>-0.522218</td>\n","      <td>1.000000</td>\n","      <td>0.075305</td>\n","      <td>0.759132</td>\n","      <td>-0.396865</td>\n","      <td>0.631742</td>\n","      <td>-0.695199</td>\n","      <td>0.608088</td>\n","      <td>0.731619</td>\n","      <td>0.370383</td>\n","      <td>-0.338007</td>\n","      <td>0.624374</td>\n","      <td>-0.502898</td>\n","    </tr>\n","    <tr>\n","      <th>CHAS</th>\n","      <td>-0.034274</td>\n","      <td>-0.060591</td>\n","      <td>-0.037318</td>\n","      <td>0.075305</td>\n","      <td>1.000000</td>\n","      <td>0.084020</td>\n","      <td>0.091267</td>\n","      <td>0.083314</td>\n","      <td>-0.102016</td>\n","      <td>-0.023792</td>\n","      <td>-0.045183</td>\n","      <td>-0.137556</td>\n","      <td>0.040732</td>\n","      <td>-0.055326</td>\n","      <td>0.182096</td>\n","    </tr>\n","    <tr>\n","      <th>NOX</th>\n","      <td>-0.034631</td>\n","      <td>0.422635</td>\n","      <td>-0.497638</td>\n","      <td>0.759132</td>\n","      <td>0.084020</td>\n","      <td>1.000000</td>\n","      <td>-0.283907</td>\n","      <td>0.736349</td>\n","      <td>-0.768775</td>\n","      <td>0.602960</td>\n","      <td>0.657875</td>\n","      <td>0.154693</td>\n","      <td>-0.382202</td>\n","      <td>0.622209</td>\n","      <td>-0.434271</td>\n","    </tr>\n","    <tr>\n","      <th>RM</th>\n","      <td>0.061728</td>\n","      <td>-0.205928</td>\n","      <td>0.290127</td>\n","      <td>-0.396865</td>\n","      <td>0.091267</td>\n","      <td>-0.283907</td>\n","      <td>1.000000</td>\n","      <td>-0.198918</td>\n","      <td>0.171596</td>\n","      <td>-0.190030</td>\n","      <td>-0.277064</td>\n","      <td>-0.336408</td>\n","      <td>0.120518</td>\n","      <td>-0.634758</td>\n","      <td>0.721489</td>\n","    </tr>\n","    <tr>\n","      <th>AGE</th>\n","      <td>-0.031016</td>\n","      <td>0.353379</td>\n","      <td>-0.554214</td>\n","      <td>0.631742</td>\n","      <td>0.083314</td>\n","      <td>0.736349</td>\n","      <td>-0.198918</td>\n","      <td>1.000000</td>\n","      <td>-0.750408</td>\n","      <td>0.457339</td>\n","      <td>0.499478</td>\n","      <td>0.234894</td>\n","      <td>-0.274650</td>\n","      <td>0.593788</td>\n","      <td>-0.354106</td>\n","    </tr>\n","    <tr>\n","      <th>DIS</th>\n","      <td>0.010385</td>\n","      <td>-0.376323</td>\n","      <td>0.659949</td>\n","      <td>-0.695199</td>\n","      <td>-0.102016</td>\n","      <td>-0.768775</td>\n","      <td>0.171596</td>\n","      <td>-0.750408</td>\n","      <td>1.000000</td>\n","      <td>-0.492090</td>\n","      <td>-0.520442</td>\n","      <td>-0.185938</td>\n","      <td>0.274036</td>\n","      <td>-0.503383</td>\n","      <td>0.235087</td>\n","    </tr>\n","    <tr>\n","      <th>RAD</th>\n","      <td>-0.031669</td>\n","      <td>0.618538</td>\n","      <td>-0.301067</td>\n","      <td>0.608088</td>\n","      <td>-0.023792</td>\n","      <td>0.602960</td>\n","      <td>-0.190030</td>\n","      <td>0.457339</td>\n","      <td>-0.492090</td>\n","      <td>1.000000</td>\n","      <td>0.911103</td>\n","      <td>0.458930</td>\n","      <td>-0.395845</td>\n","      <td>0.503532</td>\n","      <td>-0.386922</td>\n","    </tr>\n","    <tr>\n","      <th>TAX</th>\n","      <td>-0.007460</td>\n","      <td>0.577501</td>\n","      <td>-0.300221</td>\n","      <td>0.731619</td>\n","      <td>-0.045183</td>\n","      <td>0.657875</td>\n","      <td>-0.277064</td>\n","      <td>0.499478</td>\n","      <td>-0.520442</td>\n","      <td>0.911103</td>\n","      <td>1.000000</td>\n","      <td>0.450978</td>\n","      <td>-0.400353</td>\n","      <td>0.552239</td>\n","      <td>-0.479308</td>\n","    </tr>\n","    <tr>\n","      <th>PTRATIO</th>\n","      <td>0.056734</td>\n","      <td>0.284967</td>\n","      <td>-0.369974</td>\n","      <td>0.370383</td>\n","      <td>-0.137556</td>\n","      <td>0.154693</td>\n","      <td>-0.336408</td>\n","      <td>0.234894</td>\n","      <td>-0.185938</td>\n","      <td>0.458930</td>\n","      <td>0.450978</td>\n","      <td>1.000000</td>\n","      <td>-0.155939</td>\n","      <td>0.352839</td>\n","      <td>-0.495904</td>\n","    </tr>\n","    <tr>\n","      <th>B</th>\n","      <td>-0.030764</td>\n","      <td>-0.357581</td>\n","      <td>0.161515</td>\n","      <td>-0.338007</td>\n","      <td>0.040732</td>\n","      <td>-0.382202</td>\n","      <td>0.120518</td>\n","      <td>-0.274650</td>\n","      <td>0.274036</td>\n","      <td>-0.395845</td>\n","      <td>-0.400353</td>\n","      <td>-0.155939</td>\n","      <td>1.000000</td>\n","      <td>-0.343821</td>\n","      <td>0.317910</td>\n","    </tr>\n","    <tr>\n","      <th>LSTAT</th>\n","      <td>-0.019382</td>\n","      <td>0.442743</td>\n","      <td>-0.402116</td>\n","      <td>0.624374</td>\n","      <td>-0.055326</td>\n","      <td>0.622209</td>\n","      <td>-0.634758</td>\n","      <td>0.593788</td>\n","      <td>-0.503383</td>\n","      <td>0.503532</td>\n","      <td>0.552239</td>\n","      <td>0.352839</td>\n","      <td>-0.343821</td>\n","      <td>1.000000</td>\n","      <td>-0.725281</td>\n","    </tr>\n","    <tr>\n","      <th>MEDV</th>\n","      <td>0.006956</td>\n","      <td>-0.393693</td>\n","      <td>0.336805</td>\n","      <td>-0.502898</td>\n","      <td>0.182096</td>\n","      <td>-0.434271</td>\n","      <td>0.721489</td>\n","      <td>-0.354106</td>\n","      <td>0.235087</td>\n","      <td>-0.386922</td>\n","      <td>-0.479308</td>\n","      <td>-0.495904</td>\n","      <td>0.317910</td>\n","      <td>-0.725281</td>\n","      <td>1.000000</td>\n","    </tr>\n","  </tbody>\n","</table>\n","</div>\n","      <button class=\"colab-df-convert\" onclick=\"convertToInteractive('df-84ad3252-9d58-4d2b-a0ff-423343ff8452')\"\n","              title=\"Convert this dataframe to an interactive table.\"\n","              style=\"display:none;\">\n","        \n","  <svg xmlns=\"http://www.w3.org/2000/svg\" height=\"24px\"viewBox=\"0 0 24 24\"\n","       width=\"24px\">\n","    <path d=\"M0 0h24v24H0V0z\" fill=\"none\"/>\n","    <path d=\"M18.56 5.44l.94 2.06.94-2.06 2.06-.94-2.06-.94-.94-2.06-.94 2.06-2.06.94zm-11 1L8.5 8.5l.94-2.06 2.06-.94-2.06-.94L8.5 2.5l-.94 2.06-2.06.94zm10 10l.94 2.06.94-2.06 2.06-.94-2.06-.94-.94-2.06-.94 2.06-2.06.94z\"/><path d=\"M17.41 7.96l-1.37-1.37c-.4-.4-.92-.59-1.43-.59-.52 0-1.04.2-1.43.59L10.3 9.45l-7.72 7.72c-.78.78-.78 2.05 0 2.83L4 21.41c.39.39.9.59 1.41.59.51 0 1.02-.2 1.41-.59l7.78-7.78 2.81-2.81c.8-.78.8-2.07 0-2.86zM5.41 20L4 18.59l7.72-7.72 1.47 1.35L5.41 20z\"/>\n","  </svg>\n","      </button>\n","      \n","  <style>\n","    .colab-df-container {\n","      display:flex;\n","      flex-wrap:wrap;\n","      gap: 12px;\n","    }\n","\n","    .colab-df-convert {\n","      background-color: #E8F0FE;\n","      border: none;\n","      border-radius: 50%;\n","      cursor: pointer;\n","      display: none;\n","      fill: #1967D2;\n","      height: 32px;\n","      padding: 0 0 0 0;\n","      width: 32px;\n","    }\n","\n","    .colab-df-convert:hover {\n","      background-color: #E2EBFA;\n","      box-shadow: 0px 1px 2px rgba(60, 64, 67, 0.3), 0px 1px 3px 1px rgba(60, 64, 67, 0.15);\n","      fill: #174EA6;\n","    }\n","\n","    [theme=dark] .colab-df-convert {\n","      background-color: #3B4455;\n","      fill: #D2E3FC;\n","    }\n","\n","    [theme=dark] .colab-df-convert:hover {\n","      background-color: #434B5C;\n","      box-shadow: 0px 1px 3px 1px rgba(0, 0, 0, 0.15);\n","      filter: drop-shadow(0px 1px 2px rgba(0, 0, 0, 0.3));\n","      fill: #FFFFFF;\n","    }\n","  </style>\n","\n","      <script>\n","        const buttonEl =\n","          document.querySelector('#df-84ad3252-9d58-4d2b-a0ff-423343ff8452 button.colab-df-convert');\n","        buttonEl.style.display =\n","          google.colab.kernel.accessAllowed ? 'block' : 'none';\n","\n","        async function convertToInteractive(key) {\n","          const element = document.querySelector('#df-84ad3252-9d58-4d2b-a0ff-423343ff8452');\n","          const dataTable =\n","            await google.colab.kernel.invokeFunction('convertToInteractive',\n","                                                     [key], {});\n","          if (!dataTable) return;\n","\n","          const docLinkHtml = 'Like what you see? Visit the ' +\n","            '<a target=\"_blank\" href=https://colab.research.google.com/notebooks/data_table.ipynb>data table notebook</a>'\n","            + ' to learn more about interactive tables.';\n","          element.innerHTML = '';\n","          dataTable['output_type'] = 'display_data';\n","          await google.colab.output.renderOutput(dataTable, element);\n","          const docLink = document.createElement('div');\n","          docLink.innerHTML = docLinkHtml;\n","          element.appendChild(docLink);\n","        }\n","      </script>\n","    </div>\n","  </div>\n","  "]},"metadata":{},"execution_count":6}]},{"cell_type":"code","source":["phi_test=pd.read_csv('test (1).csv')"],"metadata":{"id":"9LjbyR8lMZri"},"execution_count":null,"outputs":[]},{"cell_type":"code","source":["phi_test.head()"],"metadata":{"colab":{"base_uri":"https://localhost:8080/","height":206},"id":"O5cOrp-jMtAB","executionInfo":{"status":"ok","timestamp":1652156466729,"user_tz":-330,"elapsed":35,"user":{"displayName":"Apurva Mane","userId":"00521134533740245007"}},"outputId":"09b6bc16-a72c-4d68-f197-4dfcf9826c4c"},"execution_count":null,"outputs":[{"output_type":"execute_result","data":{"text/plain":["   ID      CRIM    ZN  INDUS  CHAS    NOX     RM   AGE     DIS  RAD    TAX  \\\n","0   0   0.10612  30.0   4.93     0  0.428  6.095  65.1  6.3361    6  300.0   \n","1   1   0.34109   0.0   7.38     0  0.493  6.415  40.1  4.7211    5  287.0   \n","2   2  12.24720   0.0  18.10     0  0.584  5.837  59.7  1.9976   24  666.0   \n","3   3   0.22489  12.5   7.87     0  0.524  6.377  94.3  6.3467    5  311.0   \n","4   4   1.80028   0.0  19.58     0  0.605  5.877  79.2  2.4259    5  403.0   \n","\n","   PTRATIO       B  LSTAT  \n","0     16.6  394.62  12.40  \n","1     19.6  396.90   6.12  \n","2     20.2   24.65  15.69  \n","3     15.2  392.52  20.45  \n","4     14.7  227.61  12.14  "],"text/html":["\n","  <div id=\"df-fb1779b5-6e1a-4613-9230-c79d933fa256\">\n","    <div class=\"colab-df-container\">\n","      <div>\n","<style scoped>\n","    .dataframe tbody tr th:only-of-type {\n","        vertical-align: middle;\n","    }\n","\n","    .dataframe tbody tr th {\n","        vertical-align: top;\n","    }\n","\n","    .dataframe thead th {\n","        text-align: right;\n","    }\n","</style>\n","<table border=\"1\" class=\"dataframe\">\n","  <thead>\n","    <tr style=\"text-align: right;\">\n","      <th></th>\n","      <th>ID</th>\n","      <th>CRIM</th>\n","      <th>ZN</th>\n","      <th>INDUS</th>\n","      <th>CHAS</th>\n","      <th>NOX</th>\n","      <th>RM</th>\n","      <th>AGE</th>\n","      <th>DIS</th>\n","      <th>RAD</th>\n","      <th>TAX</th>\n","      <th>PTRATIO</th>\n","      <th>B</th>\n","      <th>LSTAT</th>\n","    </tr>\n","  </thead>\n","  <tbody>\n","    <tr>\n","      <th>0</th>\n","      <td>0</td>\n","      <td>0.10612</td>\n","      <td>30.0</td>\n","      <td>4.93</td>\n","      <td>0</td>\n","      <td>0.428</td>\n","      <td>6.095</td>\n","      <td>65.1</td>\n","      <td>6.3361</td>\n","      <td>6</td>\n","      <td>300.0</td>\n","      <td>16.6</td>\n","      <td>394.62</td>\n","      <td>12.40</td>\n","    </tr>\n","    <tr>\n","      <th>1</th>\n","      <td>1</td>\n","      <td>0.34109</td>\n","      <td>0.0</td>\n","      <td>7.38</td>\n","      <td>0</td>\n","      <td>0.493</td>\n","      <td>6.415</td>\n","      <td>40.1</td>\n","      <td>4.7211</td>\n","      <td>5</td>\n","      <td>287.0</td>\n","      <td>19.6</td>\n","      <td>396.90</td>\n","      <td>6.12</td>\n","    </tr>\n","    <tr>\n","      <th>2</th>\n","      <td>2</td>\n","      <td>12.24720</td>\n","      <td>0.0</td>\n","      <td>18.10</td>\n","      <td>0</td>\n","      <td>0.584</td>\n","      <td>5.837</td>\n","      <td>59.7</td>\n","      <td>1.9976</td>\n","      <td>24</td>\n","      <td>666.0</td>\n","      <td>20.2</td>\n","      <td>24.65</td>\n","      <td>15.69</td>\n","    </tr>\n","    <tr>\n","      <th>3</th>\n","      <td>3</td>\n","      <td>0.22489</td>\n","      <td>12.5</td>\n","      <td>7.87</td>\n","      <td>0</td>\n","      <td>0.524</td>\n","      <td>6.377</td>\n","      <td>94.3</td>\n","      <td>6.3467</td>\n","      <td>5</td>\n","      <td>311.0</td>\n","      <td>15.2</td>\n","      <td>392.52</td>\n","      <td>20.45</td>\n","    </tr>\n","    <tr>\n","      <th>4</th>\n","      <td>4</td>\n","      <td>1.80028</td>\n","      <td>0.0</td>\n","      <td>19.58</td>\n","      <td>0</td>\n","      <td>0.605</td>\n","      <td>5.877</td>\n","      <td>79.2</td>\n","      <td>2.4259</td>\n","      <td>5</td>\n","      <td>403.0</td>\n","      <td>14.7</td>\n","      <td>227.61</td>\n","      <td>12.14</td>\n","    </tr>\n","  </tbody>\n","</table>\n","</div>\n","      <button class=\"colab-df-convert\" onclick=\"convertToInteractive('df-fb1779b5-6e1a-4613-9230-c79d933fa256')\"\n","              title=\"Convert this dataframe to an interactive table.\"\n","              style=\"display:none;\">\n","        \n","  <svg xmlns=\"http://www.w3.org/2000/svg\" height=\"24px\"viewBox=\"0 0 24 24\"\n","       width=\"24px\">\n","    <path d=\"M0 0h24v24H0V0z\" fill=\"none\"/>\n","    <path d=\"M18.56 5.44l.94 2.06.94-2.06 2.06-.94-2.06-.94-.94-2.06-.94 2.06-2.06.94zm-11 1L8.5 8.5l.94-2.06 2.06-.94-2.06-.94L8.5 2.5l-.94 2.06-2.06.94zm10 10l.94 2.06.94-2.06 2.06-.94-2.06-.94-.94-2.06-.94 2.06-2.06.94z\"/><path d=\"M17.41 7.96l-1.37-1.37c-.4-.4-.92-.59-1.43-.59-.52 0-1.04.2-1.43.59L10.3 9.45l-7.72 7.72c-.78.78-.78 2.05 0 2.83L4 21.41c.39.39.9.59 1.41.59.51 0 1.02-.2 1.41-.59l7.78-7.78 2.81-2.81c.8-.78.8-2.07 0-2.86zM5.41 20L4 18.59l7.72-7.72 1.47 1.35L5.41 20z\"/>\n","  </svg>\n","      </button>\n","      \n","  <style>\n","    .colab-df-container {\n","      display:flex;\n","      flex-wrap:wrap;\n","      gap: 12px;\n","    }\n","\n","    .colab-df-convert {\n","      background-color: #E8F0FE;\n","      border: none;\n","      border-radius: 50%;\n","      cursor: pointer;\n","      display: none;\n","      fill: #1967D2;\n","      height: 32px;\n","      padding: 0 0 0 0;\n","      width: 32px;\n","    }\n","\n","    .colab-df-convert:hover {\n","      background-color: #E2EBFA;\n","      bo